25
9 3 9 6 5 9 5 1 2 4 3 11 6 12 3 6 12 6 7 8 5 6 8 5 10 
1 12 13 1 7 5 3 3 11 15 13 8 9 11 2 6 10 12 7 7 14 8 8 14 11 
12 9 15 8 9 2 9 11 13 6 13 11 6 4 8 11 11 15 7 15 12 12 8 3 4 
7 9 3 2 8 3 5 10 14 12 2 10 4 4 5 1 5 6 1 4 12 4 4 13 2 
5 2 9 12 1 15 4 1 5 4 8 5 2 2 7 7 4 9 12 5 2 10 6 8 2 
6 14 14 10 1 12 13 9 5 2 11 8 15 5 12 6 2 11 8 10 10 6 10 1 4 
9 12 11 13 15 12 15 10 10 3 5 8 7 7 12 3 6 1 8 5 15 15 11 6 14
6 15 9 14 11 4 4 1 5 7 1 4 10 4 3 14 15 5 1 1 11 6 11 10 12
11 15 12 7 12 13 7 7 9 8 9 6 6 15 11 5 11 14 14 15 9 7 7 7 1
10 4 7 3 5 7 13 3 2 10 10 9 5 13 9 2 3 13 3 13 2 12 8 4 15
7 9 15 4 1 3 5 9 8 6 2 3 1 3 9 12 9 7 13 6 9 9 13 11 4
5 9 13 11 13 1 9 7 2 9 15 8 8 5 13 10 12 6 5 14 5 2 11 11 2
14 13 3 6 7 8 12 15 10 8 11 9 13 7 2 3 13 1 7 7 5 9 10 9 3
2 1 8 14 3 8 7 15 4 5 9 11 14 14 11 6 2 2 10 5 15 4 3 9 5
13 5 1 5 1 4 15 12 8 1 13 10 2 5 3 10 6 12 15 2 14 11 8 14 6
6 5 6 12 2 11 12 3 6 15 15 6 10 8 12 6 6 3 5 4 15 12 6 10 15
15 8 5 4 9 13 5 9 13 3 5 7 14 4 15 6 2 9 5 14 1 15 3 3 10
12 13 12 4 9 12 4 15 8 13 12 8 12 12 7 8 3 6 1 11 8 3 8 1 2
14 15 1 11 10 11 13 12 1 7 2 4 8 11 6 6 6 2 9 8 11 2 6 4 6
12 7 12 5 8 8 11 4 2 1 13 6 11 12 8 4 3 7 2 13 11 2 1 12 4
10 15 15 11 3 11 2 4 3 8 1 11 8 11 9 7 13 10 2 8 10 9 4 6 12
2 13 12 15 15 2 11 10 12 15 4 15 12 1 14 12 4 1 11 8 1 7 9 3 3
3 15 8 4 15 7 8 13 12 1 1 3 9 5 10 1 7 12 1 13 6 11 6 1 14
8 8 15 13 6 14 3 12 6 1 7 6 5 7 4 14 7 3 12 7 5 10 2 13 14
4 12 13 7 3 10 15 5 1 13 10 6 14 13 2 2 1 9 15 4 4 8 15 14 2
19 24
13 14
13 13
0 0
24 24
10 7
11 11
5 5
5 23
9 8
7 21
10 10
9 15
12 1
16 15
8 22
19 5
22 13
15 7